2.079
2.084
2.024
2.065
2.117
2.093
2.141
2.116
2.094
2.11
2.093
2.17
2.069
2.031
2.111
2.125
2.136
1.998
2.034
2.06
2.04
2.056
1.993
2.038
2.013
2.055
2.133
2.064
2.206
2.039
2.083
2.107
2.01
2.09
2.079
1.994
2.109
2.039
2.065
2.039
2.077
2.069
2.176
2.069
2.06
2.084
2.018
2.068
1.993
2.053
2.025
2.035
2.086
2.04
2.066
2.058
2.056
2.075
2.023
2.043
2.082
2.112
2.057
1.991
2.094
2.107
2.057
2.038
2.116
2.061
2.045
2.114
2.151
2.123
2.012
2.14
2.14
2.052
2.022
2.066
1.991
2.101
2.117
1.977
2.058
2.116
2.034
2.026
2.057
2.09
1.989
2.099
2.067
1.998
2.015
2.045
1.986
2.075
2.004
2.129
2.078
2.101
2.052
2.031
2.083
2.06
2.112
2.158
2.045
2.065
2.089
2.069
2.151
2.164
2.126
2.1
2.127
2.083
2.122
2.081
2.008
2.05
2.083
2.18
2.144
2.24
2.068
2.024
2.087
2.075
2.106
2.055
2.081
2.193
2.142
2.158
2.093
2.024
2.222
2.099
2.028
2.048
2.092
2.097
2.083
2.08
2.108
2.115
2.032
2.064
2.158
1.981
2.11
2.068
2.034
2.047
2.037
2.218
2.085
2.033
2.067
2.078
2.097
2.121
2.08
2.072
2.098
2.053
1.962
2.077
2.184
2.125
2.121
2.069
2.036
2.043
2.121
2.028
2.123
2.124
2.067
2.102
2.036
2.062
2.161
2.108
2.113