2.138
2.103
2.184
2.149
2.17
2.011
2.184
2.197
2.134
2.248
2.266
2.17
2.154
2.217
2.088
2.139
2.287
2.26
2.086
2.167
2.167
2.148
2.164
2.138
2.131
2.154
2.263
2.089
2.114
2.203
2.094
2.115
2.19
2.079
2.123
2.11
2.058
2.098
2.148
2.176
2.099
2.159
2.128
2.117
2.246
2.158
2.193
2.093
2.094
2.183
2.098
2.126
2.13
2.129
2.198
2.118
2.176
2.164
2.153
2.133
2.209
2.152
2.137
2.155
2.159
2.06
2.153
2.088
2.118
2.134
2.102
2.161
2.103
2.194
2.137
2.215
2.135
2.139
2.11
2.157
2.031
2.149
2.115
2.174
2.153
2.114
2.018
2.097
2.166
2.275
2.087
2.042
2.134
2.158
2.129
2.118
2.132
2.188
2.156
2.076
2.138
2.22
2.131
2.104
2.173
2.194
2.099
2.155
2.068
2.21
2.136
2.198
2.244
2.093
2.135
2.18
2.072
2.105
2.158
2.156
2.138
2.099
2.102
2.079
2.055
2.018
2.014
2.192
2.037
2.129
2.124
2.082
2.114
2.175
2.123
2.152
2.288
2.017
2.185
2.085
2.137
2.148
2.096
2.094
2.127
2.178
2.166
2.121
2.063
2.19
2.207
2.133
2.086
2.107
2.224
2.049
2.108
2.1
2.107
2.107
2.131
2.126
2.054
2.133
2.211
2.094
2.167
2.162
2.107
2.151
2.177
2.105
2.08
2.074
2.169
2.09
2.075
2.127
2.081
2.093
2.139
2.186
2.199
2.158
2.212
2.19
2.134
2.208
2.108
2.171
2.007
2.133
2.111
1.943
2.024
2.185
1.995
2.029
2.168
2.137
2.07
2.216
2.135
2.255
2.082
2.209
2.113
2.111
2.241
2.114
2.184
2.013
2.073
2.222
2.057
2.127
2.204
2.192
2.246
2.093
2.242
2.157
2.142
2.186
2.228
2.15
2.116
2.14
2.08
2.259
2.093
2.083
2.068
2.163
2.109
2.159
2.198
2.225
2.124
2.168
2.062
2.135
2.172
2.143
2.102
2.177
2.123
2.254
2.11
2.097
2.199
2.136
2.107
2.152
2.146
2.175
2.145
2.19
2.084
2.068
2.049
2.051
2.183
2.148
2.07
2.018
2.077
2.018
2.103
2.192
2.162
2.153
2.182
2.032
2.185
2.184
2.209
2.122
2.215
2.185
2.27
2.131
2.182
2.195
2.135
2.108
2.138
2.139
2.123
2.097
2.087
2.102
2.103
2.154
2.179
2.148
2.095
2.171
2.19
2.091
2.167
2.171
2.125
2.228
2.127
2.099
2.128
2.171
2.093
2.152
2.043
2.134
2.125
2.165
2.151
2.045
2.148
2.256
2.166
2.162
2.175
2.064
2.092
2.144
2.047
2.234
2.211
2.147
2.146
2.128
2.162
2.205
2.084
2.173
2.179
2.189
2.156
2.105
2.152
2.148
2.15
2.061
2.1
2.173
2.157
2.168
2.187
2.052
2.038
2.232
2.084
2.242
2.184
2.162
2.125
2.105
2.233
2.142
2.191
2.233
2.151
2.076
2.094
2.21
2.073
2.204
2.134
2.128
2.145
2.181
2.115
2.228
2.176
2.195
2.117
2.156
2.082
2.219
2.11
2.024
2.106
2.159
2.15
2.052
2.127
2.197
2.147
2.162
2.175
2.169
2.249
2.175
2.077
2.196
2.163
2.067
2.218
2.164
2.128
2.069
2.145
2.237
2.144
2.125
2.175
2.138
2.157
2.096
2.193
2.123
2.123
2.104
2.127
2.171
2.101
2.215
2.083
2.106
2.09
2.169
2.206
2.15
2.153
2.122
2.129
2.099
2.226
2.11
2.181
2.132
2.09
2.138
2.251
2.09
2.042
2.032
2.085
2.315
2.161
2.204
2.133
2.004
2.147
2.147
2.068
2.081
2.224
2.102
2.138
2.278
2.126
2.107
2.117
2.239
2.086
2.145
2.181
2.181
2.087
2.11
2.071
2.116
2.221
2.069
2.204
2.264
2.239
2.037
2.073
2.016
2.227
2.181
2.247
2.159
2.185
2.092
2.126
2.195
2.127